p_val	avg_logFC	pct.1	pct.2	p_val_adj
GNLY	3.982694909904e-246	3.15921709711474	0.979	0.219	5.80477783118509e-242
ATP8B4	1.71236778484962e-177	2.01794075242148	0.813	0.041	2.49577604641832e-173
NCAM1	1.47962457257179e-163	1.96680202131333	0.701	0.017	2.15655281452339e-159
TYROBP	1.3465777020618e-130	1.40532571800572	0.85	0.081	1.96263700075507e-126
AK093552	3.42280410469167e-129	1.74541743203353	0.861	0.093	4.98873698258811e-125
PLCG2	6.43208119215531e-124	2.02244316778388	0.861	0.157	9.37475833756636e-120
HADV38S2	2.38713556600173e-122	1.69938241930409	0.872	0.118	3.47925008744752e-118
TRDC.NT-026437.11.3	4.2961685121875e-117	1.48082941678061	0.759	0.063	6.26166560651328e-113
LOC285972	1.5569036273591e-106	1.26026076835917	0.497	0.011	2.26918703687589e-102
KLRD1	1.39865712488998e-101	1.45214197575256	0.775	0.128	2.03854275952714e-97
AV4S1	1.22689717966473e-90	1.42446892968136	0.872	0.241	1.78820263936134e-86
NKG7	1.1860222373174e-89	1.37024283826633	0.947	0.498	1.72862741089011e-85
TRDC.NT-026437.11.2	9.87382875741759e-79	1.10884597143618	0.561	0.047	1.43911054139361e-74
CTSW	1.84635168834433e-75	1.12842538795388	0.872	0.424	2.69105758576186e-71
RIN3	4.09759590389914e-73	1.34982194331098	0.727	0.196	5.972246029933e-69
SH2D1B	4.94540902203976e-73	0.852113399536388	0.316	0.004	7.20793364962295e-69
KLRC1	7.99888280148405e-73	1.1958155861242	0.449	0.025	1.1658371683163e-68
GZMB	5.04960746425195e-70	1.67989669473142	0.791	0.262	7.35980287914722e-66
NCR1	1.7494595258945e-68	0.735261144978372	0.332	0.007	2.54983725899123e-64
FCER1G	3.55627296714082e-68	0.93003421166458	0.54	0.06	5.18326784960775e-64
CLNK	6.4093715122339e-62	1.00231490636763	0.348	0.014	9.34165897908091e-58
MCTP2	1.88523765293663e-61	1.14719920855656	0.754	0.239	2.74773387915514e-57
LINGO2	2.5704026812536e-60	1.87757715300984	0.332	0.015	3.74636190792713e-56
HAVCR2	5.4679383176442e-60	1.25309236016847	0.513	0.078	7.96952009796642e-56
NCALD	3.72504979393537e-58	1.15806077350128	0.818	0.325	5.42926007466081e-54
CD7	2.20441932054353e-57	1.03527029783002	0.797	0.396	3.2129411596922e-53
KLRF1	1.75513861381981e-55	0.929166038008026	0.396	0.029	2.55811452964238e-51
B3GNT7	2.24133510738788e-53	0.750247377826656	0.273	0.007	3.26674591901784e-49
CNOT2	6.02898559848078e-51	1.14515278907557	0.872	0.613	8.78724650978573e-47
CD63	1.1153254985684e-50	0.939003911668818	0.802	0.312	1.62558691416345e-46
AK096314	9.66252155989494e-50	0.839223146405834	0.968	0.544	1.40831251735469e-45
KLRK1	1.15533773997885e-48	0.822247214949153	0.968	0.539	1.68390475601917e-44
DOCK5	4.36665953759854e-48	1.09662530943018	0.535	0.1	6.36440627604988e-44
PRF1	7.60461134648691e-48	1.06033651528578	0.658	0.216	1.10837210375047e-43
GOLIM4	1.8766834917964e-45	0.773230157622704	0.358	0.037	2.73526618929326e-41
GAS7	6.99497876291935e-45	1.10026365233722	0.69	0.222	1.0195181546955e-40
APBA2	1.39441654210219e-42	1.02701144142594	0.572	0.147	2.03236211011394e-38
PRKX	2.5609135978815e-42	0.837511374986592	0.904	0.577	3.73253156891228e-38
VAV3	2.95398492971432e-41	1.04270831122371	0.604	0.167	4.30543303505862e-37
LYN	3.52458296819154e-41	0.857273347290565	0.401	0.053	5.13707967613917e-37
HSH2D	9.18110075925966e-41	0.974520905318047	0.417	0.083	1.33814543566209e-36
PDGFD	7.28771126614314e-40	1.05731767787137	0.439	0.071	1.06218391704036e-35
ABCB1	2.59900599657264e-39	0.908668738676206	0.503	0.106	3.78805124000462e-35
SAMD3	5.5547301567937e-39	0.839663596299852	0.818	0.438	8.09601920352682e-35
TXK	1.12893725954769e-38	0.88718883505274	0.337	0.039	1.64542605579076e-34
HOPX	1.75029192690932e-38	0.968851943239999	0.556	0.193	2.55105048347033e-34
GEM	7.83504904336898e-38	1.1202415177113	0.374	0.055	1.14195839807103e-33
GALNT2	8.87574883354048e-38	0.914002154650533	0.652	0.263	1.29364039248852e-33
PPP1R9A	2.47399423729926e-37	0.712287524845384	0.16	0.002	3.60584660086368e-33
ADAM28	3.11408902169688e-37	0.803497277572597	0.289	0.024	4.5387847491232e-33
SRGAP3	5.0191326247447e-34	0.88365826792526	0.455	0.106	7.3153858005654e-30
ABHD2	8.79218692511325e-34	0.846265212925696	0.439	0.11	1.28146124433526e-29
AHI1	4.68188930294108e-33	0.892186336866523	0.765	0.429	6.82385365903662e-29
ITGB1	1.12392498279302e-32	0.789633340918787	0.749	0.412	1.63812066242082e-28
PDE7B	2.87184741834777e-32	1.13991853868487	0.257	0.037	4.18571761224187e-28
LOC100506776	3.43294039907298e-31	0.793851427373929	0.508	0.16	5.00351063164887e-27
ZNF683	1.31201522677963e-30	0.791534978928684	0.455	0.11	1.9122621930313e-26
PIK3AP1	1.75077246321038e-30	0.879536311762527	0.449	0.114	2.55175086512913e-26
AJ606316	2.24597307161748e-30	1.06683285988141	0.246	0.035	3.27350575188247e-26
LARGE	4.08488707944068e-30	0.912231099268499	0.316	0.047	5.95372291828479e-26
LDB2	2.49968597546634e-28	0.758688822593864	0.166	0.006	3.6432923092422e-24
IFITM2	6.28442899766279e-28	0.705638278105956	0.738	0.438	9.15955526409352e-24
ITGA1	4.4838512928869e-27	0.760281941067267	0.807	0.446	6.53521325938265e-23
LOC374443	2.23049355566913e-25	0.70502952037961	0.433	0.163	3.25094435738776e-21
L3MBTL4	1.70944505288619e-24	0.799516279169727	0.305	0.063	2.49151616458163e-20
AGPAT4	4.3389627269227e-23	0.737728095660059	0.684	0.35	6.32403817448984e-19
KCNQ5	7.77810941880747e-22	0.966998852880099	0.38	0.102	1.13365944779119e-17
CMC1	3.89155904337057e-20	0.958730815900026	0.417	0.222	5.6719473057126e-16
DAPK2	2.24844204037203e-18	0.777237569267812	0.401	0.139	3.27710427384224e-14
ABTB2	1.02284095915902e-10	0.851577417654257	0.39	0.252	1.49079069797427e-06
